service_id,monday,tuesday,wednesday,thursday,friday,saturday,sunday,start_date,end_date
1901,0,0,0,0,0,0,0,20220606,20220831
1904,0,0,0,0,0,0,0,20220606,20220831
64701,1,1,1,1,1,0,0,20220606,20220611
64702,1,1,1,1,0,0,0,20220606,20220611
64703,0,1,1,1,1,0,0,20220606,20220611
64704,0,1,1,1,1,0,0,20220606,20220611
64705,0,0,0,0,1,0,0,20220606,20220611
64706,0,0,0,0,0,1,0,20220606,20220611
64707,0,0,0,0,0,1,0,20220606,20220611
64708,0,0,0,0,0,0,1,20220606,20220611
64709,0,0,0,0,0,0,1,20220606,20220611
64710,0,0,1,1,1,1,0,20220606,20220611
64711,0,1,1,1,1,1,0,20220606,20220611
64712,0,1,1,1,1,1,0,20220606,20220611
64713,1,0,0,0,0,0,0,20220606,20220611
64714,1,0,0,0,0,0,0,20220606,20220611
64715,1,0,0,0,0,0,0,20220606,20220611
64716,0,1,0,0,0,0,0,20220606,20220611
64717,0,1,0,0,0,0,0,20220606,20220611
64718,1,0,1,1,1,0,0,20220606,20220611
64719,1,0,1,1,1,0,0,20220606,20220611
64720,0,0,1,0,0,0,0,20220606,20220611
64721,0,0,1,0,0,0,0,20220606,20220611
64722,1,1,0,1,1,0,0,20220606,20220611
64723,1,1,0,1,1,0,0,20220606,20220611
64724,0,0,0,1,0,0,0,20220606,20220611
64725,0,0,0,1,0,0,0,20220606,20220611
64726,1,1,1,0,1,0,0,20220606,20220611
64727,1,1,1,0,1,0,0,20220606,20220611
64728,0,1,1,0,0,0,0,20220606,20220611
64729,0,1,1,0,0,0,0,20220606,20220611
64730,1,0,0,1,1,0,0,20220606,20220611
64731,1,0,0,1,1,0,0,20220606,20220611
64732,1,1,0,0,1,0,0,20220606,20220611
64733,1,1,0,0,1,0,0,20220606,20220611
64734,1,1,1,1,1,0,1,20220606,20220611
64735,1,1,1,1,1,0,1,20220606,20220611
64736,1,1,1,1,1,1,0,20220606,20220611
64737,1,1,1,1,1,1,0,20220606,20220611
64738,1,1,1,1,1,1,0,20220606,20220611
64739,1,1,1,1,1,0,0,20220606,20220611
64740,1,1,1,1,0,0,1,20220606,20220611
64741,0,1,1,0,1,0,0,20220606,20220611
64742,0,1,1,0,1,0,0,20220606,20220611
64801,1,1,1,1,1,0,0,20220612,20220831
64802,1,1,1,1,0,0,0,20220612,20220831
64803,0,1,1,1,1,0,0,20220612,20220831
64804,0,1,1,1,1,0,0,20220612,20220831
64805,0,0,0,0,1,0,0,20220612,20220831
64806,0,0,0,0,0,1,0,20220612,20220831
64807,0,0,0,0,0,1,0,20220612,20220831
64808,0,0,0,0,0,0,1,20220612,20220831
64809,0,0,0,0,0,0,1,20220612,20220831
64810,0,0,1,1,1,1,0,20220612,20220831
64811,0,1,1,1,1,1,0,20220612,20220831
64812,0,1,1,1,1,1,0,20220612,20220831
64813,1,0,0,0,0,0,0,20220612,20220831
64814,1,0,0,0,0,0,0,20220612,20220831
64815,1,0,0,0,0,0,0,20220612,20220831
64816,0,1,0,0,0,0,0,20220612,20220831
64817,0,1,0,0,0,0,0,20220612,20220831
64818,1,0,1,1,1,0,0,20220612,20220831
64819,1,0,1,1,1,0,0,20220612,20220831
64820,0,0,1,0,0,0,0,20220612,20220831
64821,0,0,1,0,0,0,0,20220612,20220831
64822,1,1,0,1,1,0,0,20220612,20220831
64823,1,1,0,1,1,0,0,20220612,20220831
64824,0,0,0,1,0,0,0,20220612,20220831
64825,0,0,0,1,0,0,0,20220612,20220831
64826,1,1,1,0,1,0,0,20220612,20220831
64827,1,1,1,0,1,0,0,20220612,20220831
64828,0,1,1,0,0,0,0,20220612,20220831
64829,0,1,1,0,0,0,0,20220612,20220831
64830,1,0,0,1,1,0,0,20220612,20220831
64831,1,0,0,1,1,0,0,20220612,20220831
64832,1,1,0,0,1,0,0,20220612,20220831
64833,1,1,0,0,1,0,0,20220612,20220831
64834,1,1,1,1,1,0,1,20220612,20220831
64835,1,1,1,1,1,0,1,20220612,20220831
64836,1,1,1,1,1,1,0,20220612,20220831
64837,1,1,1,1,1,1,0,20220612,20220831
64838,1,1,1,1,1,1,0,20220612,20220831
64839,1,1,1,1,1,0,0,20220612,20220831
64840,1,1,1,1,0,0,1,20220612,20220831
64841,0,1,1,0,1,0,0,20220612,20220831
64842,0,1,1,0,1,0,0,20220612,20220831
106801,1,1,1,1,1,0,0,20220606,20220831
106802,1,1,1,1,0,0,0,20220606,20220831
106803,0,1,1,1,1,0,0,20220606,20220831
106804,0,1,1,1,1,0,0,20220606,20220831
106805,0,0,0,0,1,0,0,20220606,20220831
106806,0,0,0,0,0,1,0,20220606,20220831
106807,0,0,0,0,0,1,0,20220606,20220831
106808,0,0,0,0,0,0,1,20220606,20220831
106809,0,0,0,0,0,0,1,20220606,20220831
106810,0,0,1,1,1,1,0,20220606,20220831
106811,0,1,1,1,1,1,0,20220606,20220831
106812,0,1,1,1,1,1,0,20220606,20220831
106813,1,0,0,0,0,0,0,20220606,20220831
106814,1,0,0,0,0,0,0,20220606,20220831
106815,1,0,0,0,0,0,0,20220606,20220831
106816,0,1,0,0,0,0,0,20220606,20220831
106817,0,1,0,0,0,0,0,20220606,20220831
106818,1,0,1,1,1,0,0,20220606,20220831
106819,1,0,1,1,1,0,0,20220606,20220831
106820,0,0,1,0,0,0,0,20220606,20220831
106821,0,0,1,0,0,0,0,20220606,20220831
106822,1,1,0,1,1,0,0,20220606,20220831
106823,1,1,0,1,1,0,0,20220606,20220831
106824,0,0,0,1,0,0,0,20220606,20220831
106825,0,0,0,1,0,0,0,20220606,20220831
106826,1,1,1,0,1,0,0,20220606,20220831
106827,1,1,1,0,1,0,0,20220606,20220831
106828,0,1,1,0,0,0,0,20220606,20220831
106829,0,1,1,0,0,0,0,20220606,20220831
106830,1,0,0,1,1,0,0,20220606,20220831
106831,1,0,0,1,1,0,0,20220606,20220831
106832,1,1,0,0,1,0,0,20220606,20220831
106833,1,1,0,0,1,0,0,20220606,20220831
106834,1,1,1,1,1,0,1,20220606,20220831
106835,1,1,1,1,1,0,1,20220606,20220831
106836,1,1,1,1,1,1,0,20220606,20220831
106837,1,1,1,1,1,1,0,20220606,20220831
106838,1,1,1,1,1,1,0,20220606,20220831
106839,1,1,1,1,1,0,0,20220606,20220831
106840,1,1,1,1,0,0,1,20220606,20220831
106841,0,1,1,0,1,0,0,20220606,20220831
106842,0,1,1,0,1,0,0,20220606,20220831
206801,1,1,1,1,1,0,0,20220606,20220831
BLS-101,1,1,1,1,1,1,1,20200801,20221231